42 50 14 100 5 7 89 0.635
19 13 68 74 2 94 49 0.86
48 15 21 69 26 35 61 0.67
58 48 26 80 93 85 97 0.665
21 0 91 43 17 74 90 0.61
2 0 40 68 23 1 3 0.775
51 39 2 58 60 30 63 0.73
67 7 78 0 50 28 29 0.665
48 88 86 100 89 92 84 0.66
10 71 85 55 57 27 49 0.645
42 24 16 21 19 24 77 0.86
47 89 55 94 67 35 81 0.785
52 76 65 70 71 77 87 0.84
92 15 8 95 98 79 36 0.705
52 19 1 44 82 12 34 0.715
93 51 46 0 55 10 49 0.575
31 71 45 26 94 86 81 0.54
86 25 12 53 98 11 25 0.74
35 78 28 95 52 64 83 0.67
95 70 71 88 46 95 85 0.77
97 39 33 84 71 46 51 0.495
63 15 51 25 43 76 33 0.615
9 69 74 85 48 35 73 0.745
25 66 39 71 18 48 63 0.78
35 12 89 16 96 29 47 0.58
51 20 69 26 70 66 68 0.59
49 88 17 46 8 70 80 0.785
35 9 25 48 48 83 38 0.875
22 33 92 26 91 56 62 0.655
13 1 72 88 40 11 50 0.775
5 3 47 68 56 52 4 0.725
69 50 82 4 89 14 94 0.59
88 11 90 75 39 50 12 0.595
36 30 33 20 19 56 41 0.605
1 5 19 0 28 99 20 0.575
97 65 71 8 19 98 84 0.625
74 86 74 36 89 29 24 0.56
100 98 87 63 44 83 56 0.615
39 78 33 71 16 8 21 0.63
76 71 29 78 75 29 20 0.5
25 35 19 68 97 63 23 0.795
30 40 55 0 31 39 11 0.645
15 40 77 100 85 34 3 0.7
12 40 36 90 8 69 34 0.645
93 68 92 14 0 75 53 0.635
57 93 82 16 73 59 92 0.635
25 19 56 56 86 51 39 0.81
69 49 63 50 55 62 64 0.62
15 61 66 33 72 45 23 0.57
55 87 91 92 2 62 41 0.665
0 70 79 58 40 33 30 0.61
95 87 74 73 87 87 76 0.625
89 98 34 62 43 21 83 0.725
41 66 57 20 49 84 95 0.65
20 97 22 31 64 2 17 0.795
86 5 67 29 6 77 62 0.61
72 29 0 73 14 55 32 0.855
46 62 72 98 3 73 36 0.775
74 30 76 6 27 94 33 0.64
11 72 38 59 88 8 22 0.77
82 56 24 72 4 45 78 0.62
80 56 47 35 31 36 44 0.605
91 59 57 70 96 5 76 0.79
65 84 62 34 96 34 86 0.58
2 94 42 90 100 4 23 0.785
3 41 72 58 15 40 90 0.595
21 52 97 45 42 84 53 0.635
89 10 92 16 38 26 2 0.635
34 15 97 48 20 12 24 0.635
47 45 91 28 11 29 47 0.61
93 86 33 93 100 32 81 0.755
83 39 20 24 18 19 61 0.75
43 68 78 57 26 18 41 0.6
84 16 53 7 2 57 2 0.57
85 10 10 98 63 78 73 0.645
87 56 95 86 60 81 15 0.59
29 0 88 82 15 11 63 0.585
98 37 74 21 86 80 85 0.585
11 15 77 83 62 35 78 0.74
86 38 51 20 14 25 71 0.615
16 35 25 14 67 10 13 0.495
35 20 2 92 71 80 46 0.655
95 26 7 75 35 84 59 0.785
30 97 92 74 65 93 44 0.59
4 36 42 52 51 33 83 0.685
3 49 72 41 9 70 14 0.58
86 26 62 30 15 13 85 0.64
46 51 17 86 54 88 84 0.795
88 0 84 72 71 58 1 0.61
43 61 67 48 15 0 22 0.6
99 16 43 14 89 41 78 0.55
84 74 97 17 42 43 14 0.64
52 31 64 14 61 19 54 0.655
37 64 54 50 39 46 25 0.59
62 64 25 53 90 17 62 0.8
75 35 3 100 92 24 42 0.665
53 67 47 63 71 96 5 0.725
11 36 79 35 97 67 47 0.57
16 18 83 5 63 36 46 0.655
96 93 17 1 54 80 14 0.62
